-39 175 35
-28.1429 175 35
-15.2857 175 35
-2.42857 175 35
10.4286 175 35
23.2857 175 35
36.1429 175 35
49 175 35
-41 162.143 35
-28.1429 162.143 35
-15.2857 162.143 35
-2.42857 162.143 35
10.4286 162.143 35
23.2857 162.143 35
36.1429 162.143 35
49 162.143 35
-41 149.286 35
-28.1429 149.286 35
-15.2857 149.286 35
-2.42857 149.286 35
10.4286 149.286 35
23.2857 149.286 35
36.1429 149.286 35
49 149.286 35
-41 136.429 35
-28.1429 136.429 35
-15.2857 136.429 35
-2.42857 136.429 35
10.4286 136.429 35
23.2857 136.429 35
36.1429 136.429 35
49 136.429 35
-41 123.571 35
-28.1429 123.571 35
-15.2857 123.571 35
-2.42857 123.571 35
10.4286 123.571 35
23.2857 123.571 35
36.1429 123.571 35
49 123.571 35
-41 110.714 35
-28.1429 110.714 35
-15.2857 110.714 35
-2.42857 110.714 35
10.4286 110.714 35
23.2857 110.714 35
36.1429 110.714 35
49 110.714 35
-41 97.8571 35
-28.1429 97.8571 35
-15.2857 97.8571 35
-2.42857 97.8571 35
10.4286 97.8571 35
23.2857 97.8571 35
36.1429 97.8571 35
49 97.8571 35
-41 85 35
-28.1429 85 35
-15.2857 85 35
-2.42857 85 35
10.4286 85 35
23.2857 85 35
36.1429 85 35
49 85 35
